58
,78
,129
,302
,303
,309
,320
,366
,370
,371
,377
,399
,435
,438
,444
,447
,448
,450
,459
,461
,464
,465
,468
,471
,475
,477
,481
,482
,484
,487
,489
,491
,685
,691
,693
,697
,699
,706
,723
,726
,731
,736
,737
,752
,826
,884
,914
,942
,968
,978
,982
,986
,987
,990
,1011
,1013
,1014
,1017
,1018
,1019
,1025
,1028
,1030
,1034
,1039
,1052
,1053
,1055
,1059
,1062
,1065
,1066
,1067
,1071
,1073
,1075
,1077
,1109
,1113
,1117
,1130
,1153
,1155
,1160
,1161
,1162
,1164
,1165
,1166
,1168
,1169
,1170
,1171
,1173
,1177
,1178
,1179
,1181
,1183
,1184
,1185
,1187
,1207
,1217
,1222
,1223
,1224
,1225
,1227
,1231
,1320
,1327
,1328
,1331
,1332
,1333
,1334
,1335
,1337
,1338
,1340
,1341
,1342
,1343
,1345
,1348
,1349
,1351
,1513
,1519
,1521
,1526
,1531
,1534
,1536
,1537
,1540
,1541
,1544
,1546
,1604
,1605
,1606
,1607
,1613
,1614
,1615
,1617
,1916
,2000
,2001
,2006
,2008
,2009
,2013
,2014
,2015
,2016
,2017
,2019
,2020
,2022
,2023
,2025
,2026
,2104
,2108
,2132
,2134
,2137
,2144
,2145
,2155
,2158
